16807
15089
44249
3114
46978
56008
36568
2558
12099
1101
39064
15445
4748
56290
54451
14151
14615
16657
50072
18772
11823
11025
38445
35589
12888
26357
33131
40406
30600
40199
25753
46226
3912
20787
61026
37953
19699
3853
20515
27365
63583
13616
8913
63176
62957
50529
26636
5451
10498
21557
32825
20609
25732
9656
25876
7074
13212
26292
61018
37479
44074
13514
56037
4680
18921
41157
1521
8880
22212
39957
11146
37349
27291
63565
49977
62966
2039
9960
19617
4101
60115
63742
62445
19877
47317
57587
39641
19684
15451
48122
21612
36291
4433
62434
39968
8110
4108
40673
64774
42648
24685
46945
24575
28980
6305
64542
15129
6909
55862
12880
17129
3511
39553
44943
4035
62522
17182
28943
40384
55084
37444
46165
19066
36808
44715
24144
1225
26034
39134
8882
59638
43189
11746
23116
24655
64477
33695
23688
61031
53949
44494
54815
52210
41313
61696
30606
9848
39319
44439
42254
23092
10850
50951
42199
11358
58439
6817
18520
46121
6286
18267
47010
3061
7010
52294
2438
30620
48836
16174
9014
51498
60674
22643
60434
40036
28134
12038
17287
23791
33363
13577
63697
32520
6995
9039
16977
57848
36197
7567
42932
21232
10624
46007
56011
31513
55278
26778
38123
63959
44824
34508
59471
51362
17532
26508
20535
24031
65217
21165
58021
55761
20019
12241
24378
2238
11011
240
49441
35817
40625
30647
51596
10443
17880
27695
45183
33266
25267
652
17005
15944
8656
6430
9288
64539
28205
36175
19375
60273
23665
8320
60767
5335
19954
32723
3486
3572
20420
55025
37275
32660
52630
13032
20509
53163
63617
63635
42931
1395
52862
59675
6695
11481
24772
59705
53079
33302
32868
13121
62905
24117
10261
47336
41200
65084
17045
22232
45544
10702
44830
60696
53092
44794
43949
11112
51421
23292
24409
58930
1043
34561
35081
47161
59147
37903
29727
42469
27594
50289
1128
31749
23032
55862
15150
29336
23772
38602
46765
11464
11370
60123
493
37157
14464
33306
36506
20125
11983
8870
57382
5955
25881
28893
60847
37096
30778
19081
31941
36895
1340
49773
37657
26269
59192
10974
29712
57318
34656
46275
34427
1512
61042
43715
2546
7859
43286
8544
17374
57739
33225
53593
19458
17081
39440
47154
7010
51405
14009
49729
23799
32371
58998
19957
8659
52699
2231
25251
52437
62371
25223
50297
4479
50884
41857
27546
22019
3422
50378
50800
2380
36333
947
2673
37648
12526
25727
52768
46955
55052
24456
5381
11946
52203
52724
20118
32830
34940
35143
47112
11982
58509
65102
56329
65059
55910
33255
30487
48274
11688
40355
19634
15035
53709
3054
26930
24603
36926
56085
19000
53772
9556
45342
18416
64403
37384
26760
49814
6303
42356
36951
26031
61665
22917
11912
9090
20330
47169
60317
37464
59441
2332
13079
23428
25525
9032
20046
60140
27611
825
43583
13930
37130
12234
39697
47033
59933
19696
24710
3691
41808
62731
55949
39406
59472
3615
17111
20203
14235
52430
61449
60577
17789
13684
21266
52811
50502
37637
12973
10492
53511
22903
39870
5849
641
26733
60557
20350
5764
17544
21588
35146
31256
61144
54020
55388
45491
24872
38971
22538
7541
5931
12424
18715
39519
57936
7439
52909
61621
1424
13328
12774
64317
40987
27750
50511
395
19930
18989
65471
30003
27339
21099
4322
38940
23182
15795
62188
33449
15065
39381
40895
49684
47692
60424
16105
29271
48766
18128
2513
39653
15077
45664
50055
2897
2825
38835
32320
51864
59141
12928
41799
49469
47548
65326
25192
49562
32059
53224
42552
49383
36218
18954
62003
4424
41214
35478
35854
8137
59327
55425
13786
35638
46321
19334
25484
33189
38354
7495
21640
52474
12620
34316
43383
57227
10992
12753
39203
64788
27176
29524
46997
39779
38757
31510
719
39488
5766
59163
45885
40563
47487
17363
54365
12219
53337
34588
24923
55901
7717
7313
31086
21169
4312
62817
50294
19889
47182
5646
103
34514
25552
9529
343
5104
62415
48492
65415
10627
32331
41971
48168
62804
33029
35720
43062
45579
12199
46279
44485
29944
20357
58945
57187
64335
15543
16314
478
47455
12692
62975
30311
39453
61471
34283
7644
23997
10657
11030
45778
7642
2935
54160
48952
9709
6262
60537
2185
34412
13097
52505
11659
15654
38999
37045
33164
6480
54506
31749
24143
50020
57167
57921
22057
56008
40122
39053
34701
30292
44107
40818
6006
25651
23261
41792
58485
53059
23192
57092
43879
64918
42720
58424
17506
40559
44783
62354
4919
35278
21595
21089
24667
63936
52870
54391
53998
5978
7359
22717
1157
57079
21055
58239
55688
37224
25291
10267
12895
5562
34380
1811
40713
10993
18016
28769
682
5395
46392
44321
24827
6626
27559
54360
6610
22203
17638
31402
15876
33290
39316
54285
52289
49079
50387
2744
61033
16846
31209
53573
4373
38154
61860
25252
1038
25967
24823
5401
13038
47810
18507
18982
6785
3789
55900
60896
6763
28240
34343
41780
52022
24152
6208
7270
30468
43878
48982
50645
15343
493
35443
40725
18037
49041
52361
27606
59784
7189
57821
42681
50917
2552
31447
60925
40787
15030
38124
19209
25190
12310
10663
46451
52921
61250
64543
34919
23556
8398
49363
36206
24564
50660
132
2234
9484
20076
39514
38216
50517
21959
43036
60211
38565
25674
26824
19499
54760
44035
6373
27087
44497
36213
10615
19359
47300
21828
695
27366
12714
43408
27905
34286
63738
8382
45500
58892
20985
52887
8276
35720
44412
50555
12042
27175
25519
35293
5572
65045
6648
10400
15148
54618
18161
44783
55786
39462
16813
56094
46173
25234
34225
17378
49818
9615
63151
30555
289
18822
15811
64265
9807
17482
35859
26491
54479
25258
42597
23255
946
50548
30497
12365
9910
36940
33670
65523
46088
35931
54820
3475
17038
33304
7474
48635
58929
46090
7791
8198
31553
64385
2274
13720
47058
16176
34402
42155
57544
39959
54714
42775
2864
41251
5064
51904
6220
18268
6202
48926
22987
15604
53167
60786
56375
44075
24632
13087
21494
29336
27749
26312
60400
5859
47047
33291
48787
52764
52805
11943
55617
22427
43068
11332
23832
56130
53483
8186
36044
52029
15623
55050
53955
15540
23091
2509
37906
15371
9582
32645
11191
12845
21421
45775
24128
53938
51003
7703
36156
38708
62454
55230
3355
42521
47873
23030
23650
25887
60436
14231
48560
41861
44495
7310
